   1.0000000e+00
   1.0000000e+00
   1.0000000e+00
   1.2500000e+00
   1.2500000e+00
   1.2500000e+00
   1.5000000e+00
   1.5000000e+00
   1.5000000e+00
   1.7500000e+00
   1.7500000e+00
   1.7500000e+00
   2.0000000e+00
   2.0000000e+00
   2.0000000e+00
   2.2500000e+00
   2.2500000e+00
   2.2500000e+00
   2.5000000e+00
   2.5000000e+00
   2.5000000e+00
   2.7500000e+00
   2.7500000e+00
   2.7500000e+00
   3.0000000e+00
   3.0000000e+00
   3.0000000e+00
   3.2500000e+00
   3.2500000e+00
   3.2500000e+00
   3.5000000e+00
   3.5000000e+00
   3.5000000e+00
   3.7500000e+00
   3.7500000e+00
   3.7500000e+00
   4.0000000e+00
   4.0000000e+00
   4.0000000e+00
   4.2500000e+00
   4.2500000e+00
   4.2500000e+00
   4.5000000e+00
   4.5000000e+00
   4.5000000e+00
   4.7500000e+00
   4.7500000e+00
   4.7500000e+00
   5.0000000e+00
   5.0000000e+00
   5.0000000e+00
