   3.2057670e+00
   1.3860080e+00
   3.3326378e-01
   2.4944255e+00
   1.9173336e+00
   3.4079180e+00
   2.9989607e+00
   4.1180835e+00
   4.1676447e+00
   2.1078859e+00
   1.8447738e+00
   4.6339859e+00
   4.3515905e+00
   1.8644792e+00
   5.3838185e+00
   4.3115002e+00
   4.4280878e+00
   4.6757688e+00
   5.7417449e+00
   6.1213875e+00
   4.2314738e+00
   3.4885968e+00
   6.0854932e+00
   4.4779573e+00
   6.9589981e+00
   5.0868932e+00
   6.9128611e+00
   4.7560745e+00
   4.5680794e+00
   7.5695343e+00
   4.6763165e+00
   7.2468801e+00
   7.4350916e+00
   6.6986897e+00
   6.4693557e+00
   8.8686298e+00
   6.9959737e+00
   7.1607477e+00
   6.0272316e+00
   7.1541371e+00
   7.1062477e+00
   9.4280027e+00
   7.2880967e+00
   7.5427161e+00
   7.9354756e+00
   9.5820436e+00
   7.3245504e+00
   1.0235288e+01
   7.5326236e+00
   9.0469514e+00
   7.3215561e+00
