  -4.3256481e-02  -6.3127965e-03   6.9039167e-05   1.0000000e-01
  -1.6655844e-01  -2.3252111e-02   6.5992438e-05   2.0000000e-01
   1.2533232e-02  -1.2316364e-02  -4.5469955e-05   3.0000000e-01
   2.8767649e-02   1.0556491e-02  -1.1527338e-04   4.0000000e-01
  -1.1464711e-01  -1.1322107e-03   8.9465681e-05   5.0000000e-01
   1.1909166e-01   3.7923524e-03   1.9656058e-05   6.0000000e-01
   1.1891686e-01   9.4424328e-03   1.4516946e-06   7.0000000e-01
  -3.7617893e-03  -2.1202728e-02  -1.8760463e-05   8.0000000e-01
   3.2734359e-02  -6.4416666e-03  -7.1622146e-05   9.0000000e-01
   1.7480000e-02  -7.0269317e-03   2.7154271e-05   1.0000000e+00
  -1.8623205e-02  -1.0133720e-02  -2.1071590e-05   1.1000000e+00
   7.2712290e-02  -1.6875840e-03   9.1270433e-05   1.2000000e+00
  -5.8479893e-02   1.5561894e-02   3.4132922e-04   1.3000000e+00
   2.1919602e-01   4.9304557e-04   9.1522885e-04   1.4000000e+00
  -1.1570479e-02   1.4343590e-02   2.0878964e-03   1.5000000e+00
   1.6009071e-02  -2.3461080e-03   4.5486694e-03   1.6000000e+00
   1.1642645e-01   9.8248768e-03   9.8237257e-03   1.7000000e+00
   2.5442689e-02   1.1685613e-02   1.9516180e-02   1.8000000e+00
   2.7487386e-02   4.2921613e-02   3.7145750e-02   1.9000000e+00
  -1.6422125e-02   6.4300748e-02   6.6752372e-02   2.0000000e+00
   1.4400991e-01   1.1937019e-01   1.1452970e-01   2.1000000e+00
   5.3485157e-02   1.9378489e-01   1.8706498e-01   2.2000000e+00
   3.6293051e-01   2.9071484e-01   2.9149269e-01   2.3000000e+00
   5.9641605e-01   4.4295157e-01   4.3401099e-01   2.4000000e+00
   5.4989210e-01   6.4216254e-01   6.1902147e-01   2.5000000e+00
   9.3345454e-01   8.5290126e-01   8.4753591e-01   2.6000000e+00
   1.2425140e+00   1.1169960e+00   1.1170719e+00   2.7000000e+00
   1.2615542e+00   1.4300586e+00   1.4209400e+00   2.8000000e+00
   1.6053997e+00   1.7500555e+00   1.7494869e+00   2.9000000e+00
   2.1485459e+00   2.0803605e+00   2.0914228e+00   3.0000000e+00
   2.3950714e+00   2.4399149e+00   2.4350541e+00   3.1000000e+00
   2.8387916e+00   2.7697418e+00   2.7698003e+00   3.2000000e+00
   3.1686303e+00   3.0843058e+00   3.0870430e+00   3.3000000e+00
   3.4519794e+00   3.3935531e+00   3.3807533e+00   3.4000000e+00
   3.7762899e+00   3.6658989e+00   3.6472903e+00   3.5000000e+00
   3.9517104e+00   3.8796248e+00   3.8848293e+00   3.6000000e+00
   4.2125102e+00   4.0944606e+00   4.0934378e+00   3.7000000e+00
   4.1536450e+00   4.2658142e+00   4.2738428e+00   3.8000000e+00
   4.4257551e+00   4.4345384e+00   4.4277267e+00   3.9000000e+00
   4.5410626e+00   4.5330884e+00   4.5567716e+00   4.0000000e+00
   4.5023531e+00   4.6726628e+00   4.6627171e+00   4.1000000e+00
   4.7733964e+00   4.7498550e+00   4.7476729e+00   4.2000000e+00
   4.7075736e+00   4.8158376e+00   4.8132091e+00   4.3000000e+00
   5.0026147e+00   4.8732350e+00   4.8610967e+00   4.4000000e+00
   4.8123657e+00   4.8901281e+00   4.8928568e+00   4.5000000e+00
   4.9628909e+00   4.9086852e+00   4.9099127e+00   4.6000000e+00
   4.9358513e+00   4.9012143e+00   4.9139121e+00   4.7000000e+00
   4.8137368e+00   4.8892909e+00   4.9059966e+00   4.8000000e+00
   4.6703177e+00   4.8803496e+00   4.8874178e+00   4.9000000e+00
   4.8538009e+00   4.8625285e+00   4.8597008e+00   5.0000000e+00
   4.7234844e+00   4.8191357e+00   4.8245147e+00   5.1000000e+00
   4.8452652e+00   4.7704836e+00   4.7838313e+00   5.2000000e+00
   4.7907355e+00   4.7506883e+00   4.7399423e+00   5.3000000e+00
   4.8652363e+00   4.6888724e+00   4.6959668e+00   5.4000000e+00
   4.7146609e+00   4.6554198e+00   4.6555354e+00   5.5000000e+00
   4.5582872e+00   4.6226385e+00   4.6227094e+00   5.6000000e+00
   4.6395326e+00   4.5990045e+00   4.6013729e+00   5.7000000e+00
   4.4949044e+00   4.5997818e+00   4.5958452e+00   5.8000000e+00
   4.6063149e+00   4.6056258e+00   4.6082156e+00   5.9000000e+00
   4.6350749e+00   4.6232569e+00   4.6399442e+00   6.0000000e+00
   4.6898074e+00   4.6795133e+00   4.6896818e+00   6.1000000e+00
   4.7233459e+00   4.7575627e+00   4.7551206e+00   6.2000000e+00
   4.9409572e+00   4.8188909e+00   4.8314597e+00   6.3000000e+00
   4.7260250e+00   4.9099522e+00   4.9134028e+00   6.4000000e+00
   5.0383263e+00   4.9860943e+00   4.9954979e+00   6.5000000e+00
   5.1622602e+00   5.0609507e+00   5.0726207e+00   6.6000000e+00
   5.2140624e+00   5.1307552e+00   5.1409103e+00   6.7000000e+00
   5.2552878e+00   5.1934854e+00   5.1974613e+00   6.8000000e+00
   5.2447004e+00   5.2424056e+00   5.2406873e+00   6.9000000e+00
   5.3375431e+00   5.2686730e+00   5.2698049e+00   7.0000000e+00
   5.3419995e+00   5.2957506e+00   5.2851863e+00   7.1000000e+00
   5.2615323e+00   5.2846429e+00   5.2871038e+00   7.2000000e+00
   5.2389315e+00   5.2615030e+00   5.2765852e+00   7.3000000e+00
   5.2252761e+00   5.2549622e+00   5.2548421e+00   7.4000000e+00
   5.0751853e+00   5.2234125e+00   5.2226661e+00   7.5000000e+00
   5.1577993e+00   5.1843651e+00   5.1812049e+00   7.6000000e+00
   5.1431813e+00   5.1363351e+00   5.1313258e+00   7.7000000e+00
   5.1054985e+00   5.0867985e+00   5.0740037e+00   7.8000000e+00
   5.1544363e+00   5.0046073e+00   5.0100488e+00   7.9000000e+00
   4.9052234e+00   4.9429289e+00   4.9403176e+00   8.0000000e+00
   4.9277678e+00   4.8653127e+00   4.8653722e+00   8.1000000e+00
   4.8660256e+00   4.7803180e+00   4.7861513e+00   8.2000000e+00
   4.7970505e+00   4.7243246e+00   4.7028953e+00   8.3000000e+00
   4.5173204e+00   4.6139534e+00   4.6164965e+00   8.4000000e+00
   4.5485456e+00   4.5132468e+00   4.5273348e+00   8.5000000e+00
   4.4596615e+00   4.4535743e+00   4.4358857e+00   8.6000000e+00
   4.2417815e+00   4.3458133e+00   4.3425540e+00   8.7000000e+00
   4.1735890e+00   4.2366031e+00   4.2478804e+00   8.8000000e+00
   4.2601730e+00   4.1581470e+00   4.1520246e+00   8.9000000e+00
   4.0421891e+00   4.0680369e+00   4.0553704e+00   9.0000000e+00
   3.9972700e+00   3.9493215e+00   3.9582865e+00   9.1000000e+00
   3.8698447e+00   3.8623977e+00   3.8610056e+00   9.2000000e+00
   3.7003329e+00   3.7624890e+00   3.7638564e+00   9.3000000e+00
   3.6110496e+00   3.6553729e+00   3.6669366e+00   9.4000000e+00
   3.6149961e+00   3.5824679e+00   3.5706120e+00   9.5000000e+00
   3.3799426e+00   3.4747787e+00   3.4749095e+00   9.6000000e+00
   3.4581949e+00   3.3854389e+00   3.3801643e+00   9.7000000e+00
   3.3431036e+00   3.2790432e+00   3.2862452e+00   9.8000000e+00
   3.1112832e+00   3.1868991e+00   3.1934579e+00   9.9000000e+00
   3.0753719e+00   3.1050762e+00   3.1019179e+00   1.0000000e+01
   2.8929640e+00   3.0128099e+00   3.0117459e+00   1.0100000e+01
   2.7027380e+00   2.9414523e+00   2.9230084e+00   1.0200000e+01
   2.9343275e+00   2.8329427e+00   2.8358056e+00   1.0300000e+01
   2.6981144e+00   2.7721034e+00   2.7499942e+00   1.0400000e+01
   2.6986147e+00   2.6809632e+00   2.6659211e+00   1.0500000e+01
   2.6068459e+00   2.5639895e+00   2.5834742e+00   1.0600000e+01
   2.5048492e+00   2.4858972e+00   2.5027304e+00   1.0700000e+01
   2.3233009e+00   2.4179600e+00   2.4237454e+00   1.0800000e+01
   2.2517271e+00   2.3445835e+00   2.3465047e+00   1.0900000e+01
   2.2335156e+00   2.2710478e+00   2.2709607e+00   1.1000000e+01
   2.0786682e+00   2.2056264e+00   2.1972412e+00   1.1100000e+01
   2.0197522e+00   2.1181198e+00   2.1253539e+00   1.1200000e+01
   2.2024645e+00   2.0480016e+00   2.0552663e+00   1.1300000e+01
   1.9924497e+00   1.9848635e+00   1.9869361e+00   1.1400000e+01
   1.7985801e+00   1.9201072e+00   1.9202847e+00   1.1500000e+01
   1.8513923e+00   1.8583039e+00   1.8555606e+00   1.1600000e+01
   1.6796366e+00   1.8030539e+00   1.7924624e+00   1.1700000e+01
   1.5962351e+00   1.7373796e+00   1.7311461e+00   1.1800000e+01
   1.6454612e+00   1.6540652e+00   1.6715984e+00   1.1900000e+01
   1.7090213e+00   1.6206482e+00   1.6137213e+00   1.2000000e+01
   1.5703139e+00   1.5655643e+00   1.5574209e+00   1.2100000e+01
   1.5685170e+00   1.5092337e+00   1.5027953e+00   1.2200000e+01
   1.3331283e+00   1.4630110e+00   1.4499077e+00   1.2300000e+01
   1.3524808e+00   1.4018123e+00   1.3985690e+00   1.2400000e+01
   1.3224903e+00   1.3420043e+00   1.3487384e+00   1.2500000e+01
   1.1791437e+00   1.2989657e+00   1.3005378e+00   1.2600000e+01
   1.1217407e+00   1.2291942e+00   1.2536679e+00   1.2700000e+01
   1.3015008e+00   1.2131119e+00   1.2084188e+00   1.2800000e+01
   1.1656354e+00   1.1656803e+00   1.1644716e+00   1.2900000e+01
   1.0575328e+00   1.1161364e+00   1.1219843e+00   1.3000000e+01
   1.1615289e+00   1.0744090e+00   1.0809894e+00   1.3100000e+01
   1.0643665e+00   1.0303973e+00   1.0411343e+00   1.3200000e+01
   9.0378213e-01   1.0022808e+00   1.0026931e+00   1.3300000e+01
   1.0995443e+00   9.6937921e-01   9.6555552e-01   1.3400000e+01
   9.5860434e-01   9.2635053e-01   9.2957971e-01   1.3500000e+01
   1.0428223e+00   8.8993163e-01   8.9495854e-01   1.3600000e+01
   9.7518561e-01   8.6102302e-01   8.6136894e-01   1.3700000e+01
   7.6056479e-01   8.2723104e-01   8.2891396e-01   1.3800000e+01
   6.6849276e-01   7.8811371e-01   7.9764194e-01   1.3900000e+01
   7.6018195e-01   7.8040006e-01   7.6742525e-01   1.4000000e+01
   7.0525245e-01   7.4272144e-01   7.3830876e-01   1.4100000e+01
   6.2580636e-01   7.2297853e-01   7.1004840e-01   1.4200000e+01
   7.3279187e-01   6.7803761e-01   6.8298019e-01   1.4300000e+01
   8.0566920e-01   6.4563299e-01   6.5675058e-01   1.4400000e+01
   5.7690828e-01   6.3963237e-01   6.3157235e-01   1.4500000e+01
   5.2251778e-01   6.0760560e-01   6.0722353e-01   1.4600000e+01
   5.5907180e-01   5.7614337e-01   5.8371282e-01   1.4700000e+01
   6.2736654e-01   5.6017283e-01   5.6105905e-01   1.4800000e+01
   4.5382313e-01   5.1915436e-01   5.3911111e-01   1.4900000e+01
   3.9808407e-01   5.2905473e-01   5.1821695e-01   1.5000000e+01
   4.8596969e-01   4.8814473e-01   4.9791282e-01   1.5100000e+01
   4.7191178e-01   4.7155630e-01   4.7842791e-01   1.5200000e+01
   5.0817443e-01   4.7303967e-01   4.5962849e-01   1.5300000e+01
   3.8199488e-01   4.3245154e-01   4.4148606e-01   1.5400000e+01
   4.0914858e-01   4.1998677e-01   4.2414435e-01   1.5500000e+01
   3.6386130e-01   4.0227486e-01   4.0734848e-01   1.5600000e+01
   3.8325246e-01   4.0738296e-01   3.9116794e-01   1.5700000e+01
   5.2915621e-01   3.7644999e-01   3.7568559e-01   1.5800000e+01
   3.0003396e-01   3.4987168e-01   3.6076116e-01   1.5900000e+01
   2.1155285e-01   3.3504394e-01   3.4623371e-01   1.6000000e+01
   3.7938031e-01   3.4979876e-01   3.3244070e-01   1.6100000e+01
   2.2876518e-01   3.3849646e-01   3.1906634e-01   1.6200000e+01
   3.0989824e-01   3.2266096e-01   3.0634782e-01   1.6300000e+01
   2.3123616e-01   2.8142988e-01   2.9401429e-01   1.6400000e+01
   3.3568130e-01   2.8000613e-01   2.8211564e-01   1.6500000e+01
   3.2603846e-01   2.6876079e-01   2.7072215e-01   1.6600000e+01
   2.3942969e-01   2.6287373e-01   2.5976107e-01   1.6700000e+01
   4.3839122e-02   2.4354834e-01   2.4931788e-01   1.6800000e+01
   2.5240939e-01   2.2937684e-01   2.3914089e-01   1.6900000e+01
   3.8872316e-01   2.2496099e-01   2.2942159e-01   1.7000000e+01
   3.2192570e-01   2.3090544e-01   2.2002160e-01   1.7100000e+01
   5.3065477e-02   2.3483221e-01   2.1112136e-01   1.7200000e+01
   1.9461305e-01   2.0477213e-01   2.0261376e-01   1.7300000e+01
   1.2602639e-01   1.9152584e-01   1.9420656e-01   1.7400000e+01
   8.3776324e-02   1.9324835e-01   1.8616049e-01   1.7500000e+01
   5.5150410e-02   1.7370985e-01   1.7859810e-01   1.7600000e+01
   2.0012341e-01   1.8986751e-01   1.7117092e-01   1.7700000e+01
   1.2126083e-01   1.7525964e-01   1.6419856e-01   1.7800000e+01
   1.6300018e-01   1.4514440e-01   1.5733540e-01   1.7900000e+01
   1.1413155e-01   1.4422005e-01   1.5095486e-01   1.8000000e+01
   9.8180108e-02   1.5808674e-01   1.4473453e-01   1.8100000e+01
   1.7578187e-01   1.4256665e-01   1.3876341e-01   1.8200000e+01
   2.0576278e-01   1.3686508e-01   1.3300367e-01   1.8300000e+01
   3.3863030e-01   1.1034095e-01   1.2737638e-01   1.8400000e+01
  -1.3613448e-02   1.2439491e-01   1.2213846e-01   1.8500000e+01
   1.4771063e-02   1.2388841e-01   1.1707763e-01   1.8600000e+01
   2.1593671e-01   1.0578539e-01   1.1209958e-01   1.8700000e+01
   6.8492060e-02   9.7445959e-02   1.0748210e-01   1.8800000e+01
  -3.5145970e-02   1.0112439e-01   1.0301874e-01   1.8900000e+01
   1.3022590e-01   8.8131313e-02   9.8607231e-02   1.9000000e+01
   2.4986230e-01   9.3822646e-02   9.4490393e-02   1.9100000e+01
   1.6136233e-01   9.3364924e-02   9.0611849e-02   1.9200000e+01
   2.8250821e-01   1.0050249e-01   8.6769418e-02   1.9300000e+01
   1.3357630e-01   8.4920475e-02   8.3148289e-02   1.9400000e+01
   2.6607671e-01   7.4203639e-02   7.9692018e-02   1.9500000e+01
   4.2287880e-02   9.2610963e-02   7.6293159e-02   1.9600000e+01
  -4.0925795e-02   8.1304297e-02   7.3012792e-02   1.9700000e+01
   4.8855255e-02   7.2275214e-02   7.0005203e-02   1.9800000e+01
   1.8603466e-01   7.3726511e-02   6.7001827e-02   1.9900000e+01
  -4.7446088e-02   5.9094009e-02   6.4133977e-02   2.0000000e+01
   1.2498400e-01   7.0020099e-02   6.1561286e-02   2.0100000e+01
  -1.2903422e-03   6.1535905e-02   5.8854878e-02   2.0200000e+01
   1.1147161e-01   6.2602895e-02   5.6306279e-02   2.0300000e+01
  -5.6024979e-02   4.3485688e-02   5.3990854e-02   2.0400000e+01
   6.0263531e-02   6.7021175e-02   5.1748573e-02   2.0500000e+01
  -1.5099098e-01   5.3809605e-02   4.9495030e-02   2.0600000e+01
  -1.9509495e-03   2.8186484e-02   4.7397350e-02   2.0700000e+01
   9.1543049e-02   5.0037643e-02   4.5343511e-02   2.0800000e+01
   1.1302535e-02   5.6146515e-02   4.3395075e-02   2.0900000e+01
   1.6520425e-01   4.7934110e-02   4.1592231e-02   2.1000000e+01
