   2.5000000e+02   1.2859347e+02
   2.5100000e+02   1.3144524e+02
   2.5200000e+02   1.2884135e+02
   2.5300000e+02   1.3004173e+02
   2.5400000e+02   1.3081037e+02
   2.5500000e+02   1.3107251e+02
   2.5600000e+02   1.3031267e+02
   2.5700000e+02   1.3388790e+02
   2.5800000e+02   1.3008075e+02
   2.5900000e+02   1.2944641e+02
   2.6000000e+02   1.3413372e+02
   2.6100000e+02   1.3015365e+02
   2.6200000e+02   1.3054881e+02
   2.6300000e+02   1.2951560e+02
   2.6400000e+02   1.3348593e+02
   2.6500000e+02   1.3015649e+02
   2.6600000e+02   1.3168132e+02
   2.6700000e+02   1.3450893e+02
   2.6800000e+02   1.3384604e+02
   2.6900000e+02   1.3152605e+02
   2.7000000e+02   1.3148325e+02
   2.7100000e+02   1.3516217e+02
   2.7200000e+02   1.3351437e+02
   2.7300000e+02   1.3495470e+02
   2.7400000e+02   1.3163041e+02
   2.7500000e+02   1.3484339e+02
   2.7600000e+02   1.3236543e+02
   2.7700000e+02   1.3556917e+02
   2.7800000e+02   1.3270045e+02
   2.7900000e+02   1.3637889e+02
   2.8000000e+02   1.3376083e+02
   2.8100000e+02   1.3764203e+02
   2.8200000e+02   1.3483955e+02
   2.8300000e+02   1.3547477e+02
   2.8400000e+02   1.3669206e+02
   2.8500000e+02   1.3778346e+02
   2.8600000e+02   1.3516461e+02
   2.8700000e+02   1.3868447e+02
   2.8800000e+02   1.3725938e+02
   2.8900000e+02   1.3994136e+02
   2.9000000e+02   1.3938014e+02
   2.9100000e+02   1.3820176e+02
   2.9200000e+02   1.3675860e+02
   2.9300000e+02   1.4057336e+02
   2.9400000e+02   1.3795359e+02
   2.9500000e+02   1.3850247e+02
   2.9600000e+02   1.4213557e+02
   2.9700000e+02   1.4022108e+02
   2.9800000e+02   1.3817286e+02
   2.9900000e+02   1.4283910e+02
   3.0000000e+02   1.4006393e+02
   3.0100000e+02   1.4097305e+02
   3.0200000e+02   1.4158769e+02
   3.0300000e+02   1.4246546e+02
   3.0400000e+02   1.4252637e+02
   3.0500000e+02   1.4364728e+02
   3.0600000e+02   1.4581987e+02
   3.0700000e+02   1.4517651e+02
   3.0800000e+02   1.4425825e+02
   3.0900000e+02   1.4434084e+02
   3.1000000e+02   1.4330332e+02
   3.1100000e+02   1.4352515e+02
   3.1200000e+02   1.4840991e+02
   3.1300000e+02   1.4604021e+02
   3.1400000e+02   1.4681313e+02
   3.1500000e+02   1.4794311e+02
   3.1600000e+02   1.4902323e+02
   3.1700000e+02   1.4892604e+02
   3.1800000e+02   1.4845534e+02
   3.1900000e+02   1.4752585e+02
   3.2000000e+02   1.5239938e+02
   3.2100000e+02   1.4938392e+02
   3.2200000e+02   1.5095369e+02
   3.2300000e+02   1.4988862e+02
   3.2400000e+02   1.5449311e+02
   3.2500000e+02   1.5408853e+02
   3.2600000e+02   1.5586041e+02
   3.2700000e+02   1.5416817e+02
   3.2800000e+02   1.5342449e+02
   3.2900000e+02   1.5643611e+02
   3.3000000e+02   1.5731600e+02
   3.3100000e+02   1.5738522e+02
   3.3200000e+02   1.5738139e+02
   3.3300000e+02   1.5657380e+02
   3.3400000e+02   1.5833148e+02
   3.3500000e+02   1.5959563e+02
   3.3600000e+02   1.5761518e+02
   3.3700000e+02   1.5795780e+02
   3.3800000e+02   1.6029135e+02
   3.3900000e+02   1.6342824e+02
   3.4000000e+02   1.6165969e+02
   3.4100000e+02   1.6350601e+02
   3.4200000e+02   1.6114216e+02
   3.4300000e+02   1.6534811e+02
   3.4400000e+02   1.6394251e+02
   3.4500000e+02   1.6549577e+02
   3.4600000e+02   1.6791118e+02
   3.4700000e+02   1.6614259e+02
   3.4800000e+02   1.7005713e+02
   3.4900000e+02   1.7011398e+02
   3.5000000e+02   1.7154171e+02
